0.000000000000000000e+00 -2.288919999999999888e+01 -4.322489999999999810e+01
1.000000000000000000e+00 -2.286609999999999943e+01 -4.330570000000000164e+01
2.000000000000000000e+00 -2.286189999999999856e+01 -4.323270000000000124e+01
3.000000000000000000e+00 -2.287209999999999965e+01 -4.324600000000000222e+01
4.000000000000000000e+00 -2.287650000000000006e+01 -4.327669999999999817e+01
5.000000000000000000e+00 -2.291039999999999921e+01 -4.323259999999999792e+01
6.000000000000000000e+00 -2.291499999999999915e+01 -4.326449999999999818e+01
7.000000000000000000e+00 -2.292579999999999885e+01 -4.328659999999999997e+01
8.000000000000000000e+00 -2.290589999999999904e+01 -4.330519999999999925e+01
9.000000000000000000e+00 -2.289359999999999928e+01 -4.326189999999999714e+01
1.000000000000000000e+01 -2.289010000000000034e+01 -4.324909999999999854e+01
1.100000000000000000e+01 -2.289199999999999946e+01 -4.329729999999999990e+01
1.200000000000000000e+01 -2.290170000000000172e+01 -4.327890000000000015e+01
1.300000000000000000e+01 -2.285820000000000007e+01 -4.325730000000000075e+01
1.400000000000000000e+01 -2.292249999999999943e+01 -4.324759999999999849e+01
1.500000000000000000e+01 -2.292249999999999943e+01 -4.322160000000000224e+01
1.600000000000000000e+01 -2.292305999999999955e+01 -4.330366000000000071e+01
1.700000000000000000e+01 -2.289979999999999905e+01 -4.324009999999999820e+01
1.800000000000000000e+01 -2.290319999999999823e+01 -4.324900000000000233e+01
1.900000000000000000e+01 -2.286939999999999884e+01 -4.326780000000000115e+01
2.000000000000000000e+01 -2.288579999999999970e+01 -4.331089999999999662e+01
2.100000000000000000e+01 -2.293080000000000140e+01 -4.324219999999999686e+01
2.200000000000000000e+01 -2.290269999999999939e+01 -4.326010000000000133e+01
2.300000000000000000e+01 -2.291039999999999921e+01 -4.322229999999999706e+01
2.400000000000000000e+01 -2.288100000000000023e+01 -4.326989999999999981e+01
2.500000000000000000e+01 -2.288230000000000075e+01 -4.329330000000000211e+01
2.600000000000000000e+01 -2.288810000000000144e+01 -4.328340000000000032e+01
2.700000000000000000e+01 -2.288060000000000116e+01 -4.323930000000000007e+01
2.800000000000000000e+01 -2.286609999999999943e+01 -4.328949999999999676e+01
2.900000000000000000e+01 -2.289959999999999951e+01 -4.322259999999999991e+01
3.000000000000000000e+01 -2.290500000000000114e+01 -4.328880000000000194e+01
3.100000000000000000e+01 -2.289349999999999952e+01 -4.327360000000000184e+01
3.200000000000000000e+01 -2.287219999999999942e+01 -4.325500000000000256e+01
3.300000000000000000e+01 -2.291339999999999932e+01 -4.325189999999999912e+01
3.400000000000000000e+01 -2.287399999999999878e+01 -4.331479999999999819e+01
3.500000000000000000e+01 -2.292429999999999879e+01 -4.325869999999999749e+01
3.600000000000000000e+01 -2.288240000000000052e+01 -4.325549999999999784e+01
3.700000000000000000e+01 -2.287320000000000064e+01 -4.323210000000000264e+01
3.800000000000000000e+01 -2.290980000000000061e+01 -4.328269999999999840e+01
3.900000000000000000e+01 -2.285800000000000054e+01 -4.324770000000000181e+01
4.000000000000000000e+01 -2.289620000000000033e+01 -4.331479999999999819e+01
4.100000000000000000e+01 -2.290060000000000073e+01 -4.323169999999999646e+01
4.200000000000000000e+01 -2.285670000000000002e+01 -4.326689999999999969e+01
4.300000000000000000e+01 -2.285500000000000043e+01 -4.331250000000000000e+01
4.400000000000000000e+01 -2.291669999999999874e+01 -4.327360000000000184e+01
4.500000000000000000e+01 -2.287310000000000088e+01 -4.329710000000000036e+01
4.600000000000000000e+01 -2.288589999999999947e+01 -4.326350000000000051e+01
4.700000000000000000e+01 -2.287470000000000070e+01 -4.328620000000000090e+01
4.800000000000000000e+01 -2.289590000000000103e+01 -4.329129999999999967e+01
4.900000000000000000e+01 -2.286370000000000147e+01 -4.323890000000000100e+01
5.000000000000000000e+01 -2.291029999999999944e+01 -4.329310000000000258e+01
5.100000000000000000e+01 -2.291689999999999827e+01 -4.324029999999999774e+01
5.200000000000000000e+01 -2.291979999999999862e+01 -4.323460000000000036e+01
5.300000000000000000e+01 -2.292510000000000048e+01 -4.331190000000000140e+01
