 0 0.00 28.00 
 1 28.00 23.00 
 2 40.00 38.00 
 3 34.00 24.00 
 4 4.00 17.00 
 5 48.00 21.00 
 6 19.00 26.00 
 7 30.00 7.00 
 8 17.00 2.00 
 9 26.00 15.00 
 10 47.00 45.00 
 11 23.00 11.00 
 12 39.00 42.00 
 13 13.00 0.00 
 14 33.00 13.00 
 15 41.00 35.00 
 16 37.00 47.00 
 17 36.00 30.00 
 18 7.00 11.00 
 19 25.00 3.00 
 20 6.00 44.00 
 21 20.00 33.00 
 22 9.00 9.00 
 23 27.00 6.00 
 24 1.00 21.00 
 25 46.00 18.00 
 26 21.00 49.00 
 27 44.00 29.00 
 28 14.00 16.00 
 29 12.00 40.00 
 30 3.00 34.00 
 31 32.00 4.00 
 32 11.00 32.00 
 33 43.00 43.00 
 34 16.00 39.00 